0
0.99975
1.999
2.99775
3.996
4.99376
5.99101
6.98776
7.98402
8.97978
9.97504
10.9698
11.9641
12.9578
13.9511
14.9439
15.9362
16.928
17.9192
18.91
19.9003
0
0
0
0
0
0
0
0
0
0
0
0
0
0
0
0
0
0
0
0
0
0
0
0
0
0
0
0
0
0
0
0
0
0
0
0
0
0
0
0
0
0
0
0
0
0
0
0
0
0
0
0
0
0
0
0
0
0
0
0
0
0
0
0
0
0
0
0
0
0
0
0
0
0
0
0
0
0
0
0
0
0
0
0
0
0
0
0
0
0
0
0
0
0
0
0
0
0
0
0
0.99975
1.999
2.99775
3.996
4.99376
5.99101
6.98776
7.98402
8.97978
9.97504
10.9698
11.9641
12.9578
13.9511
14.9439
15.9362
16.928
17.9192
18.91
19.9003
0
0
0
0
0
0
0
0
0
0
0
0
0
0
0
0
0
0
0
0
0
0
0
0
0
0
0
0
0
0
0
0
0
0
0
0
0
0
0
0
0
0
0
0
0
0
0
0
0
0
0
0
0
0
0
0
0
0
0
0
0
0
0
0
0
0
0
0
0
0
0
0
0
0
0
0
0
0
0
0
0
0
0
0
0
0
0
0
0
0
0
0
0
0
0
0
0
0
0
0
0
0.99975
1.999
2.99775
3.996
4.99376
5.99101
6.98776
7.98402
8.97978
9.97504
10.9698
11.9641
12.9578
13.9511
14.9439
15.9362
16.928
17.9192
18.91
19.9003
0
0
0
0
0
0
0
0
0
0
0
0
0
0
0
0
0
0
0
0
0
0
0
0
0
0
0
0
0
0
0
0
0
0
0
0
0
0
0
0
0
0
0
0
0
0
0
0
0
0
0
0
0
0
0
0
0
0
0
0
0
0
0
0
0
0
0
0
0
0
0
0
0
0
0
0
0
0
0
0
0
0
0
0
0
0
0
0
0
0
0
0
0
0
0
0
0
0
0
0
0
0.99975
1.999
2.99775
3.996
4.99376
5.99101
6.98776
7.98402
8.97978
9.97504
10.9698
11.9641
12.9578
13.9511
14.9439
15.9362
16.928
17.9192
18.91
19.9003
0
0
0
0
0
0
0
0
0
0
0
0
0
0
0
0
0
0
0
0
0
0
0
0
0
0
0
0
0
0
0
0
0
0
0
0
0
0
0
0
0
0
0
0
0
0
0
0
0
0
0
0
0
0
0
0
0
0
0
0
0
0
0
0
0
0
0
0
0
0
0
0
0
0
0
0
0
0
0
0
0
0
0
0
0
0
0
0
0
0
0
0
0
0
0
0
0
0
0
0
0
0.99975
1.999
2.99775
3.996
4.99376
5.99101
6.98776
7.98402
8.97978
9.97504
10.9698
11.9641
12.9578
13.9511
14.9439
15.9362
16.928
